00000 0 100
n: 10000 16 3236
n: 01000 8 3972
n: 00100 4 2804
n: 00010 2 1668
n: 00001 1 941

00001 1 941
n: 10001 17 2973
n: 01001 9 4069
n: 00101 5 3225
n: 00011 3 2287
n: 00000 0 100

00010 2 1668
n: 10010 18 2692
n: 01010 10 4100
n: 00110 6 3556
n: 00000 0 100
n: 00011 3 2287

00011 3 2287
n: 10011 19 2399
n: 01011 11 4071
n: 00111 7 3803
n: 00001 1 941
n: 00010 2 1668

00100 4 2804
n: 10100 20 2100
n: 01100 12 3988
n: 00000 0 100
n: 00110 6 3556
n: 00101 5 3225

00101 5 3225
n: 10101 21 1801
n: 01101 13 3857
n: 00001 1 941
n: 00111 7 3803
n: 00100 4 2804

00110 6 3556
n: 10110 22 1508
n: 01110 14 3684
n: 00010 2 1668
n: 00100 4 2804
n: 00111 7 3803

00111 7 3803
n: 10111 23 1227
n: 01111 15 3475
n: 00011 3 2287
n: 00101 5 3225
n: 00110 6 3556

01000 8 3972
n: 11000 24 964
n: 00000 0 100
n: 01100 12 3988
n: 01010 10 4100
n: 01001 9 4069

01001 9 4069
n: 11001 25 725
n: 00001 1 941
n: 01101 13 3857
n: 01011 11 4071
n: 01000 8 3972

01010 10 4100
n: 11010 26 516
n: 00010 2 1668
n: 01110 14 3684
n: 01000 8 3972
n: 01011 11 4071

01011 11 4071
n: 11011 27 343
n: 00011 3 2287
n: 01111 15 3475
n: 01001 9 4069
n: 01010 10 4100

01100 12 3988
n: 11100 28 212
n: 00100 4 2804
n: 01000 8 3972
n: 01110 14 3684
n: 01101 13 3857

01101 13 3857
n: 11101 29 129
n: 00101 5 3225
n: 01001 9 4069
n: 01111 15 3475
n: 01100 12 3988

01110 14 3684
n: 11110 30 100
n: 00110 6 3556
n: 01010 10 4100
n: 01100 12 3988
n: 01111 15 3475

01111 15 3475
n: 11111 31 131
n: 00111 7 3803
n: 01011 11 4071
n: 01101 13 3857
n: 01110 14 3684

10000 16 3236
n: 00000 0 100
n: 11000 24 964
n: 10100 20 2100
n: 10010 18 2692
n: 10001 17 2973

10001 17 2973
n: 00001 1 941
n: 11001 25 725
n: 10101 21 1801
n: 10011 19 2399
n: 10000 16 3236

10010 18 2692
n: 00010 2 1668
n: 11010 26 516
n: 10110 22 1508
n: 10000 16 3236
n: 10011 19 2399

10011 19 2399
n: 00011 3 2287
n: 11011 27 343
n: 10111 23 1227
n: 10001 17 2973
n: 10010 18 2692

10100 20 2100
n: 00100 4 2804
n: 11100 28 212
n: 10000 16 3236
n: 10110 22 1508
n: 10101 21 1801

10101 21 1801
n: 00101 5 3225
n: 11101 29 129
n: 10001 17 2973
n: 10111 23 1227
n: 10100 20 2100

10110 22 1508
n: 00110 6 3556
n: 11110 30 100
n: 10010 18 2692
n: 10100 20 2100
n: 10111 23 1227

10111 23 1227
n: 00111 7 3803
n: 11111 31 131
n: 10011 19 2399
n: 10101 21 1801
n: 10110 22 1508

11000 24 964
n: 01000 8 3972
n: 10000 16 3236
n: 11100 28 212
n: 11010 26 516
n: 11001 25 725

11001 25 725
n: 01001 9 4069
n: 10001 17 2973
n: 11101 29 129
n: 11011 27 343
n: 11000 24 964

11010 26 516
n: 01010 10 4100
n: 10010 18 2692
n: 11110 30 100
n: 11000 24 964
n: 11011 27 343

11011 27 343
n: 01011 11 4071
n: 10011 19 2399
n: 11111 31 131
n: 11001 25 725
n: 11010 26 516

11100 28 212
n: 01100 12 3988
n: 10100 20 2100
n: 11000 24 964
n: 11110 30 100
n: 11101 29 129

11101 29 129
n: 01101 13 3857
n: 10101 21 1801
n: 11001 25 725
n: 11111 31 131
n: 11100 28 212

11110 30 100
n: 01110 14 3684
n: 10110 22 1508
n: 11010 26 516
n: 11100 28 212
n: 11111 31 131

11111 31 131
n: 01111 15 3475
n: 10111 23 1227
n: 11011 27 343
n: 11101 29 129
n: 11110 30 100